Enter the Minterm input : Allocated ones[0] and one_size[0]
Entered Array : 11  12  13  14  15  16  17  18  19  20  21  22  23  24  25  26  27  28  29  30  31  
----------------------------------------------------
Number	Values
----------------------------------------------------
0	
----------------------------------------------------
1	16  
----------------------------------------------------
2	12  17  18  20  24  
----------------------------------------------------
3	11  13  14  19  21  22  25  26  28  
----------------------------------------------------
4	15  23  27  29  30  
----------------------------------------------------
5	31  
----------------------------------------------------
6	
----------------------------------------------------
7	
----------------------------------------------------
8	
----------------------------------------------------
9	
----------------------------------------------------
10	
----------------------------------------------------
11	
----------------------------------------------------
12	
----------------------------------------------------
13	
----------------------------------------------------
14	
----------------------------------------------------
15	
----------------------------------------------------

====================================================
Allocated ones[1] and one_size[1]

----------------------------------------------------
Checking for 17 16 
Val : 17 16 
Checking for 18 16 
17 18 
16 18 
Val : 18 16 
Checking for 20 16 
17 20 
16 20 
18 20 
16 20 
Val : 20 16 
Checking for 24 16 
17 24 
16 24 
18 24 
16 24 
20 24 
16 24 
Val : 24 16 

----------------------------------------------------
Checking for 13 12 
Val : 13 12 
Checking for 14 12 
13 14 
12 14 
Val : 14 12 
Checking for 28 12 
13 28 
12 28 
14 28 
12 28 
Val : 28 12 
Checking for 19 17 
13 19 
12 19 
14 19 
12 19 
28 19 
12 19 
Val : 19 17 
Checking for 21 17 
13 21 
12 21 
14 21 
12 21 
28 21 
12 21 
19 21 
17 21 
Val : 21 17 
Checking for 25 17 
13 25 
12 25 
14 25 
12 25 
28 25 
12 25 
19 25 
17 25 
21 25 
17 25 
Val : 25 17 
Checking for 19 18 
13 19 
12 19 
14 19 
12 19 
28 19 
12 19 
19 19 
17 19 
21 19 
17 19 
25 19 
17 19 
Checking for 22 18 
13 22 
12 22 
14 22 
12 22 
28 22 
12 22 
19 22 
17 22 
21 22 
17 22 
25 22 
17 22 
Val : 22 18 
Checking for 26 18 
13 26 
12 26 
14 26 
12 26 
28 26 
12 26 
19 26 
17 26 
21 26 
17 26 
25 26 
17 26 
22 26 
18 26 
Val : 26 18 
Checking for 21 20 
13 21 
12 21 
14 21 
12 21 
28 21 
12 21 
19 21 
17 21 
21 21 
17 21 
25 21 
17 21 
22 21 
18 21 
26 21 
18 21 
Checking for 22 20 
13 22 
12 22 
14 22 
12 22 
28 22 
12 22 
19 22 
17 22 
21 22 
17 22 
25 22 
17 22 
22 22 
18 22 
26 22 
18 22 
Checking for 28 20 
13 28 
12 28 
14 28 
12 28 
28 28 
12 28 
19 28 
17 28 
21 28 
17 28 
25 28 
17 28 
22 28 
18 28 
26 28 
18 28 
Checking for 25 24 
13 25 
12 25 
14 25 
12 25 
28 25 
12 25 
19 25 
17 25 
21 25 
17 25 
25 25 
17 25 
22 25 
18 25 
26 25 
18 25 
Checking for 26 24 
13 26 
12 26 
14 26 
12 26 
28 26 
12 26 
19 26 
17 26 
21 26 
17 26 
25 26 
17 26 
22 26 
18 26 
26 26 
18 26 
Checking for 28 24 
13 28 
12 28 
14 28 
12 28 
28 28 
12 28 
19 28 
17 28 
21 28 
17 28 
25 28 
17 28 
22 28 
18 28 
26 28 
18 28 

----------------------------------------------------
Checking for 15 11 
Val : 15 11 
Checking for 27 11 
15 27 
11 27 
Val : 27 11 
Checking for 15 13 
15 15 
11 15 
27 15 
11 15 
Checking for 29 13 
15 29 
11 29 
27 29 
11 29 
Val : 29 13 
Checking for 15 14 
15 15 
11 15 
27 15 
11 15 
29 15 
13 15 
Checking for 30 14 
15 30 
11 30 
27 30 
11 30 
29 30 
13 30 
Val : 30 14 
Checking for 23 19 
15 23 
11 23 
27 23 
11 23 
29 23 
13 23 
30 23 
14 23 
Val : 23 19 
Checking for 27 19 
15 27 
11 27 
27 27 
11 27 
29 27 
13 27 
30 27 
14 27 
23 27 
19 27 
Checking for 23 21 
15 23 
11 23 
27 23 
11 23 
29 23 
13 23 
30 23 
14 23 
23 23 
19 23 
Checking for 29 21 
15 29 
11 29 
27 29 
11 29 
29 29 
13 29 
30 29 
14 29 
23 29 
19 29 
Checking for 23 22 
15 23 
11 23 
27 23 
11 23 
29 23 
13 23 
30 23 
14 23 
23 23 
19 23 
Checking for 30 22 
15 30 
11 30 
27 30 
11 30 
29 30 
13 30 
30 30 
14 30 
23 30 
19 30 
Checking for 27 25 
15 27 
11 27 
27 27 
11 27 
29 27 
13 27 
30 27 
14 27 
23 27 
19 27 
Checking for 29 25 
15 29 
11 29 
27 29 
11 29 
29 29 
13 29 
30 29 
14 29 
23 29 
19 29 
Checking for 27 26 
15 27 
11 27 
27 27 
11 27 
29 27 
13 27 
30 27 
14 27 
23 27 
19 27 
Checking for 30 26 
15 30 
11 30 
27 30 
11 30 
29 30 
13 30 
30 30 
14 30 
23 30 
19 30 
Checking for 29 28 
15 29 
11 29 
27 29 
11 29 
29 29 
13 29 
30 29 
14 29 
23 29 
19 29 
Checking for 30 28 
15 30 
11 30 
27 30 
11 30 
29 30 
13 30 
30 30 
14 30 
23 30 
19 30 

----------------------------------------------------
Checking for 31 15 
Val : 31 15 
Checking for 31 23 
31 31 
15 31 
Checking for 31 27 
31 31 
15 31 
Checking for 31 29 
31 31 
15 31 
Checking for 31 30 
31 31 
15 31 

----------------------------------------------------

----------------------------------------------------

----------------------------------------------------

----------------------------------------------------

----------------------------------------------------

----------------------------------------------------

----------------------------------------------------

----------------------------------------------------

----------------------------------------------------

----------------------------------------------------

----------------------------------------------------
Freed ones[0] and one_size[0]

====================================================

====================================================
Allocated ones[2] and one_size[2]

----------------------------------------------------
Checking for 19 18 17 16 
Val : 19 18 17 16 
Checking for 21 20 17 16 
19 18 21 20 
17 16 21 20 
Val : 21 20 17 16 
Checking for 22 20 18 16 
19 18 22 20 
17 16 22 20 
21 20 22 20 
17 16 22 20 
Val : 22 20 18 16 
Checking for 25 24 17 16 
19 18 25 24 
17 16 25 24 
21 20 25 24 
17 16 25 24 
22 20 25 24 
18 16 25 24 
Val : 25 24 17 16 
Checking for 26 24 18 16 
19 18 26 24 
17 16 26 24 
21 20 26 24 
17 16 26 24 
22 20 26 24 
18 16 26 24 
25 24 26 24 
17 16 26 24 
Val : 26 24 18 16 

----------------------------------------------------
Checking for 29 28 13 12 
Val : 29 28 13 12 
Checking for 30 28 14 12 
29 28 30 28 
13 12 30 28 
Val : 30 28 14 12 
Checking for 23 21 19 17 
29 28 23 21 
13 12 23 21 
30 28 23 21 
14 12 23 21 
Val : 23 21 19 17 
Checking for 23 22 19 18 
29 28 23 22 
13 12 23 22 
30 28 23 22 
14 12 23 22 
23 21 23 22 
19 17 23 22 
Val : 23 22 19 18 

----------------------------------------------------
Checking for 31 27 15 11 
Val : 31 27 15 11 
Checking for 31 29 15 13 
31 27 31 29 
15 11 31 29 
Val : 31 29 15 13 
Checking for 31 30 15 14 
31 27 31 30 
15 11 31 30 
31 29 31 30 
15 13 31 30 
Val : 31 30 15 14 

----------------------------------------------------

----------------------------------------------------

----------------------------------------------------

----------------------------------------------------

----------------------------------------------------

----------------------------------------------------

----------------------------------------------------

----------------------------------------------------

----------------------------------------------------

----------------------------------------------------

----------------------------------------------------
Freed ones[1] and one_size[1]

====================================================

====================================================
Allocated ones[3] and one_size[3]

----------------------------------------------------

----------------------------------------------------

----------------------------------------------------

----------------------------------------------------

----------------------------------------------------

----------------------------------------------------

----------------------------------------------------

----------------------------------------------------

----------------------------------------------------

----------------------------------------------------

----------------------------------------------------

----------------------------------------------------

----------------------------------------------------
Freed ones[2] and one_size[2]

====================================================

====================================================
Allocated ones[4] and one_size[4]

----------------------------------------------------

----------------------------------------------------

----------------------------------------------------

----------------------------------------------------

----------------------------------------------------

----------------------------------------------------

----------------------------------------------------

----------------------------------------------------

----------------------------------------------------

----------------------------------------------------

----------------------------------------------------

----------------------------------------------------
Freed ones[3] and one_size[3]

====================================================

====================================================
Allocated ones[5] and one_size[5]

----------------------------------------------------

----------------------------------------------------

----------------------------------------------------

----------------------------------------------------

----------------------------------------------------

----------------------------------------------------

----------------------------------------------------

----------------------------------------------------

----------------------------------------------------

----------------------------------------------------

----------------------------------------------------
Freed ones[4] and one_size[4]

====================================================

====================================================
Allocated ones[6] and one_size[6]

----------------------------------------------------

----------------------------------------------------

----------------------------------------------------

----------------------------------------------------

----------------------------------------------------

----------------------------------------------------

----------------------------------------------------

----------------------------------------------------

----------------------------------------------------

----------------------------------------------------
Freed ones[5] and one_size[5]

====================================================

====================================================
Allocated ones[7] and one_size[7]

----------------------------------------------------

----------------------------------------------------

----------------------------------------------------

----------------------------------------------------

----------------------------------------------------

----------------------------------------------------

----------------------------------------------------

----------------------------------------------------

----------------------------------------------------
Freed ones[6] and one_size[6]

====================================================

====================================================
Allocated ones[8] and one_size[8]

----------------------------------------------------

----------------------------------------------------

----------------------------------------------------

----------------------------------------------------

----------------------------------------------------

----------------------------------------------------

----------------------------------------------------

----------------------------------------------------
Freed ones[7] and one_size[7]

====================================================

====================================================
Allocated ones[9] and one_size[9]

----------------------------------------------------

----------------------------------------------------

----------------------------------------------------

----------------------------------------------------

----------------------------------------------------

----------------------------------------------------

----------------------------------------------------
Freed ones[8] and one_size[8]

====================================================

====================================================
Allocated ones[10] and one_size[10]

----------------------------------------------------

----------------------------------------------------

----------------------------------------------------

----------------------------------------------------

----------------------------------------------------

----------------------------------------------------
Freed ones[9] and one_size[9]

====================================================

====================================================
Allocated ones[11] and one_size[11]

----------------------------------------------------

----------------------------------------------------

----------------------------------------------------

----------------------------------------------------

----------------------------------------------------
Freed ones[10] and one_size[10]

====================================================

====================================================
Allocated ones[12] and one_size[12]

----------------------------------------------------

----------------------------------------------------

----------------------------------------------------

----------------------------------------------------
Freed ones[11] and one_size[11]

====================================================

====================================================
Allocated ones[13] and one_size[13]

----------------------------------------------------

----------------------------------------------------

----------------------------------------------------
Freed ones[12] and one_size[12]

====================================================

====================================================
Allocated ones[14] and one_size[14]

----------------------------------------------------

----------------------------------------------------
Freed ones[13] and one_size[13]

====================================================

====================================================
Allocated ones[15] and one_size[15]

----------------------------------------------------
Freed ones[14] and one_size[14]

====================================================
Freed ones[15] and one_size[15]
